- camera: realsense_rear
- image_width: 640
- image_height: 480
- distortion_parameters:
  - k1: 0
  - k2: 0
  - t1: 0
  - t2: 0
  - k3: 0
- intrinsic_parameters:
  - fx: 558.0603445
  - fy: 559.35376688
  - cx: 320.84855242
  - cy: 247.8184605
- extrinsic_parameters:
  - roll: -1.5949
  - pitch: 0.0156
  - yaw: 1.5415
  - x: -0.0998
  - y: -0.0201
  - z: -0.0718
